UD <- c(0.0026455026455026454,0.005249343832020998,0.007822685788787484,0.010322580645161289,0.012870012870012871,0.015424164524421597,0.01797175866495507,0.020202020202020204,0.02269861286254729,0.025031289111389236,0.027397260273972605,0.02981366459627329,0.032138442521631644,0.034567901234567905,0.03658536585365854,0.0389768574908648,0.04136253041362531,0.04363636363636365,0.045838359469240045,0.04796163069544364,0.050179211469534045,0.05250596658711217,0.05482717520858165,0.057007125890736345,0.05931198102016608,0.061538461538461535,0.06375442739079103,0.06595995288574795,0.0675990675990676,0.06984866123399303,0.07167630057803469,0.07390300230946882,0.07603686635944701,0.07807118254879448,0.08027522935779816,0.08219178082191782,0.08437856328392246,0.0865603644646925,0.08843537414965986,0.09029345372460496,0.09172259507829979,0.09385474860335195,0.09598214285714288,0.09788654060066741,0.09988901220865706,0.10199556541019955,0.10375275938189843,0.10412147505422993,0.10606060606060604,0.10752688172043011,0.10862619808306709,0.11040339702760085,0.11193241816261881,0.11392405063291139,0.11566771819137749,0.11764705882352941,0.1192468619246862,0.11995863495346432,0.12040816326530611,0.12158054711246201,0.12163509471585245,0.12350597609561752,0.1253731343283582,0.12723658051689862,0.12609117361784675,0.12753623188405797,0.12859884836852206,0.13039309683604985,0.1308056872037915,0.13257575757575757,0.1337099811676083,0.1348314606741573,0.13568773234200746,0.1374187558031569,0.13888888888888887,0.14061054579093432,0.14128440366972478,0.14233576642335763,0.14363636363636365,0.14388489208633093,0.14516129032258063,0.14629794826048173,0.14781834372217278,0.14432989690721648,0.14529914529914528,0.14563928873835733,0.146095717884131,0.14581607290803644,0.14602132895816244,0.14705882352941177,0.14832925835370822,0.1498371335504886,0.15134255492270138,0.15136876006441224,0.15007898894154817,0.15047021943573666,0.1509727626459144,0.1522921522921523,0.15372670807453415,0.15432098765432098,0.15574402467232076,0.1546626231993935,0.1550037622272385,0.15499254843517138,0.1561338289962825,0.15565345080763587,0.15529753265602325,0.155956678700361,0.15728715728715728,0.1585014409221902,0.15948275862068967,0.16022889842632332,0.16085409252669036,0.16113074204946998,0.1619718309859155,0.16155988857938716,0.15961800818553887,0.16087252897068846,0.1614654002713704,0.16227180527383367,0.16133333333333333,0.16010498687664043,0.1612057667103539,0.16240995415848067,0.16297262059973924,0.16289592760180996,0.16355441081777206,0.16441875401412973,0.16517285531370035,0.16634676903390913,0.16709183673469388,0.16489693941286698,0.16604244694132336,0.16708229426433918,0.1630434782608696,0.1626794258373206,0.1608925425719319,0.16168717047451672,0.1598619896492237,0.16082711085582996,0.15762996087199552,0.1570796460176991,0.15809839690436706,0.15850302696752888,0.15951595159515952,0.16052776250687192,0.15960912052117265,0.15896885069817399,0.1587639850825786,0.15940488841657813,0.1601272534464475,0.16101694915254236,0.16147757255936676,0.1608355091383812,0.16037247801345056,0.16074188562596597,0.16020408163265307,0.16032470826991374,0.16117587430309172,0.16161616161616163,0.1625441696113074,0.1634712411705348,0.1643973777105396,0.16515609264853978,0.16491754122938532,0.16435643564356436,0.1643700787401575,0.1635036496350365,0.16226596255400863,0.16213638531235097,0.16270218839200762,0.16234072675790465,0.16290018832391714,0.16269284712482468,0.1623376623376623,0.16318961520630507,0.1635103926096998,0.16397973284200829,0.16376944190301923,0.16415868673050618,0.16357885223678262,0.1633019291161956,0.16361198033080018,0.16384683882457704,0.16459074733096085,0.1653333333333333,0.16600088770528185,0.16491228070175437,0.16279069767441862,0.163160154572778,0.16276097145291862,0.16264294790343076,0.16049896049896054,0.16126350789692437,0.1620274200249273,0.16279069767441862,0.1630794701986755,0.16136919315403422,0.16132955006080257,0.1583531274742676,0.15752351097178682,0.1562862669245648,0.1537878787878788,0.15402038505096263,0.1533857089412645,0.15355944837868057,0.15424739195230996,0.15458937198067635,0.15339449541284403,0.15390252839868085,0.15356622998544395,0.1527377521613833,0.1507430997876858,0.15129020855425945,0.15061295971978986,0.14896551724137932,0.14903846153846154,0.1490088858509911,0.14959016393442623,0.1502219187435985,0.14897202561509942,0.1490933512424446,0.14966442953020134,0.15018437814280924,0.15080428954423594,0.15132239705390024,0.15178869943162823,0.15119363395225466,0.15095583388266315,0.15037593984962405,0.15053763440860213,0.1500646830530401,0.15003219575016097,0.15053071727243486,0.15011178537208558,0.14941437163659385,0.14929133858267718,0.14902943018159048,0.14960876369327072,0.14814814814814814,0.14785276073619633,0.1482843137254902,0.14740673339399454,0.1478787878787879,0.14799154334038053,0.14470588235294118,0.14469830111306387,0.14456426697755756,0.1451048951048951,0.1455604075691412,0.1446269086718525,0.14491086831512362,0.14432401597261837,0.14485315084117478,0.14538198403648805,0.1459105158164719,0.14643874643874644,0.146966676160638,0.14674220963172804,0.14664410603496897,0.147083685545224,0.14714967705700646,0.14607053596223274,0.1437517016063164,0.14402173913043476,0.1445259440369465,0.1449904968775455,0.14521809807640207,0.14568101814243162,0.1461829994585815,0.14581651869787463,0.14460393407761826,0.14425363276089828,0.14241164241164242,0.1421923474663909,0.14164742109314857,0.14139867279224094,0.1408308004052685,0.1405895691609977,0.13930348258706468,0.13873117748704025,0.13877952755905515,0.13910051609732121,0.139113397012001,0.13895660653339834,0.13920661961547823,0.13955750060782884,0.1397040989570701,0.13917649891644593,0.1369216241737488,0.13636363636363635,0.13680018739751698,0.13685193834656706,0.1370948939146654,0.1374650512581547,0.13748258244310263,0.13791502205711634,0.13619744058500913,0.13643623089208304,0.13664313368253245,0.13558558558558562,0.13467112597547382,0.134906500445236,0.13481152993348117,0.1347173144876325,0.1347720766351024,0.13494505494505496,0.1346153846153846,0.13347732181425484,0.1295174430749948,0.1296103354865597,0.1299729223078525,0.1294725956566701,0.12983254083109366,0.13016528925619836,0.13020189534404616,0.13023829087921118,0.1305686717306508,0.13081812589706787,0.13085258638315275,0.13110067388196855,0.13073487616727572,0.13098134630981345,0.12957408518296343,0.12901945216355698,0.12926249008723237,0.12896864523762575,0.1266164833043814,0.12542889820815858,0.125642490005711,0.12336936265374583,0.12257707218017352,0.12276497695852534,0.12283927914674514,0.12179603708416652,0.11980745230878943,0.11843261289755755,0.11768802228412258,0.11801566579634465,0.11728182131769577,0.11722241320041252,0.11610931930062805,0.11617273497036411,0.1164522681110359,0.11659344373099019,0.11560307383895756,0.11452145214521452,0.11307879772542648,0.11146598530820823,0.11095260738627358,0.11097059753398672,0.11024115252113999,0.11022638563622171,0.10998912536896067,0.10914681014604152,0.10880195599022005,0.10859315589353613,0.10888077858880779,0.10915171784737002,0.10741459048187378,0.106114050558495,0.10567800321121004,0.10340407349380432,0.10367416690401594,0.1039441833974085,0.10187891440501044,0.10164797119512534,0.10153124568906056,0.09853137516688919,0.09843043362596435,0.09804439746300211,0.09555612638068327,0.09468206625206244,0.09396984924623115,0.09343465802915162,0.09335816263190565,0.09159378036929057,0.09169193450576106,0.09183426217591471,0.09157729846969513,0.09157553178704482,0.09082263433190679,0.0909306742640076,0.09113563545745816,0.09136212624584718,0.09158856329339186,0.09181494661921709,0.09121899612084167,0.09144334743770569,0.0916676460218592,0.09046737621471541,0.09022902520428128,0.09016863599862336,0.09031518624641834,0.09002849002849002,0.09011264080100126,0.08936409679234665,0.0891377379619261,0.08802117802779616,0.08769045270196206,0.0873352934770772,0.08599850251363782,0.08607432721059376,