UD <- c(0.010928961748633882,0.02173913043478261,0.032432432432432434,0.0425531914893617,0.052631578947368425,0.06217616580310881,0.0717948717948718,0.08040201005025127,0.08955223880597014,0.099009900990099,0.1083743842364532,0.11707317073170732,0.1262135922330097,0.1352657004830918,0.14423076923076922,0.15311004784688997,0.16113744075829384,0.16981132075471697,0.17674418604651165,0.18348623853211007,0.1909090909090909,0.1990950226244344,0.20535714285714285,0.21238938053097345,0.2192982456140351,0.2251082251082251,0.23275862068965517,0.24034334763948498,0.24680851063829787,0.25423728813559326,0.25514403292181076,0.26229508196721313,0.264,0.2709163346613546,0.2777777777777778,0.2790697674418604,0.282442748091603,0.2814814814814815,0.2857142857142857,0.2888086642599278,0.28771929824561404,0.29268292682926833,0.2925170068027211,0.2829581993569132,0.2848101265822785,0.2902208201892744,0.29192546583850937,0.29268292682926833,0.29518072289156627,0.2985074626865672,0.30177514792899407,0.2896935933147632,0.29444444444444445,0.29916897506925205,0.2981029810298103,0.30270270270270266,0.30400000000000005,0.30051813471502586,0.30412371134020616,0.30769230769230765,0.2932692307692308,0.2850574712643678,0.2850678733031674,0.2740899357601713,0.2669404517453799,0.26774847870182555,0.26746506986027946,0.26877470355731226,0.27218934911242604,0.27079303675048355,0.2674199623352166,0.2681564245810056,0.26353790613718414,0.2564991334488735,0.25597269624573377,0.2589437819420784,0.25795644891122277,0.25999999999999995,0.2611570247933885,0.2631578947368421,0.265139116202946,0.26580226904376014,0.25538461538461543,0.25225225225225223,0.2478134110787172,0.24641833810888253,0.24857142857142855,0.2510699001426533,0.2514124293785311,0.24896265560165975,0.2388451443569554,0.23989569752281614,0.24155844155844156,0.23588456712672523,0.23514851485148514,0.22775800711743774,0.22743259085580303,0.21997755331088664,0.22197309417040356,0.2237136465324385,0.2181425485961123,0.19980411361410383,0.1941564561734213,0.19135234590616376,0.192131747483989,0.1908190819081908,0.1917562724014337,0.19182948490230906,0.18568994889267462,0.1862828111769687,0.18671152228763668,0.18823529411764706,0.1866226259289843,0.1852152721364744,0.18239492466296592,0.17928902627511592,0.1782178217821782,0.17946768060836502,0.17867867867867868,0.1791044776119403,0.17715959004392387,0.1731724627395316,0.17299578059071727,0.17174515235457066,0.16972165648336726,0.16164207825529184,0.16025236593059936,0.15458937198067632,0.15570307785153892,0.15485407980941035,0.1510957324106113,0.15172413793103448,0.15156695156695157,0.1515837104072398,0.15008337965536409,0.1464728056004308,0.14628937533368927,0.13469985358711564,0.1303328645100797,0.1301720130172013,0.130374479889043,0.12712623097582812,0.11602434077079107,0.116410670978173,0.11679420056383408,0.11568938193343899,0.11251435132032148,0.10826627651792245,0.10801014860456687,0.10452961672473869,0.10424577148774594,0.10294615645106672,0.10065789473684211,0.09859154929577464,0.09878903760356916,0.09802073515551367,0.09083019959502459,0.08979823813583405,0.09011051289317086,0.08971124194000561,0.08932038834951456,0.08707336737436172,0.07827130852340936,0.07869481765834932,0.07124352331606218,0.0716134598792062,0.0698890981376857,0.07001458637216086,0.06713008937437935,0.06710084862837971,0.0674689287827974,0.06785009861932939,0.06284053759535052,0.06310063463281959,0.0634517766497462,0.06380279137212252,0.06361185983827493,0.06366237482117311,0.0638943423166161,0.06421691045308599,0.06452762923351159,0.06486101211689237)
innerMean <- c(0.010928961748633882,0.02173913043478261,0.032432432432432434,0.04278074866310161,0.05319148936170213,0.06315789473684211,0.07329842931937174,0.08290155440414508,0.0923076923076923,0.1020408163265306,0.11055276381909547,0.11940298507462688,0.12745098039215685,0.1346153846153846,0.14285714285714285,0.15165876777251186,0.16037735849056603,0.16822429906542055,0.17592592592592593,0.18433179723502302,0.19178082191780824,0.19999999999999998,0.2062780269058296,0.21238938053097345,0.2192982456140351,0.2260869565217391,0.22978723404255316,0.23628691983122363,0.24166666666666664,0.2469135802469136,0.2540983606557377,0.26122448979591834,0.2682926829268293,0.27530364372469635,0.2755905511811024,0.2823529411764706,0.2890625,0.2889733840304183,0.29545454545454547,0.3018867924528302,0.30711610486891383,0.3088235294117647,0.31046931407942235,0.3055555555555555,0.3082191780821918,0.3087248322147651,0.3122923588039867,0.3086816720257235,0.30625,0.31055900621118016,0.31481481481481477,0.3161094224924012,0.30994152046783624,0.3103448275862069,0.3151862464183381,0.3163841807909605,0.31666666666666665,0.31868131868131866,0.32152588555858314,0.32345013477088946,0.3144329896907216,0.3171355498721228,0.31658291457286436,0.3152709359605912,0.31941031941031944,0.32273838630806845,0.32367149758454106,0.3261390887290168,0.32394366197183094,0.32710280373831774,0.3294663573085847,0.31372549019607837,0.3073684210526315,0.3076923076923077,0.30303030303030304,0.28464419475655434,0.283609576427256,0.2867647058823529,0.2867513611615245,0.2841918294849023,0.2807625649913345,0.27986348122866894,0.27666666666666667,0.27631578947368424,0.2694136291600634,0.2642089093701997,0.26687116564417174,0.2674772036474164,0.2680722891566265,0.2571428571428572,0.25925925925925924,0.2562674094707521,0.2572614107883818,0.25788751714677643,0.2540106951871658,0.256,0.2559366754617414,0.2538860103626943,0.2512690355329949,0.24509803921568624,0.24455205811138017,0.24548736462093865,0.24729891956782712,0.24270711785297552,0.24447031431897556,0.2445213379469435,0.2359426681367144,0.22665267576075548,0.22827225130890053,0.2224469160768453,0.2147001934235977,0.2127255460588794,0.20677035681610245,0.20338983050847456,0.2003484320557491,0.20103986135181975,0.19982920580700256,0.19932432432432434,0.19849874895746455,0.19950124688279303,0.1942215088282504,0.19273301737756715,0.19129082426127528,0.1837037037037037,0.18274853801169588,0.18394160583941604,0.17899929527836506,0.17594501718213057,0.17598908594815824,0.17579445571331984,0.17513368983957217,0.16869009584664538,0.1689961880559085,0.16708229426433915,0.1639344262295082,0.16316736652669467,0.15810732833237162,0.1541899441340782,0.15384615384615385,0.15359297860669227,0.15276273022751896,0.15285252960172227,0.14895833333333333,0.14860681114551083,0.13849092645654248,0.13871733966745842,0.1335149863760218,0.13363431151241534,0.12996075010902747,0.11914217633042098,0.11913214990138069,0.11792086889061287,0.11486486486486486,0.11055276381909547,0.10616438356164383,0.10587037665422463,0.10470156718906302,0.10226537216828481,0.10009442870632673,0.09720534629404617,0.09658068386322735,0.09233399829011113,0.09063108145676953,0.09080841638981174,0.09036144578313254,0.08963282937365011,0.0886176704696206,0.07979102350985515,0.08020882771713335,0.07129377227930382,0.07156308851224105,0.0719514745869065,0.07232441471571906,0.0727120768909319,0.06377551020408163,0.06386066763425254,0.06376080691642651,0.06402877697841725,0.06437691062758497,0.06472491909385111,0.06363156969590439,0.06353639378600104)
